1 2673 521 425 1877 1320 0 0 0
2 853 717 1133 1213 36 0 0 0 
2 873 753 1305 1365 36 0 0 0
2 885 773 1409 1473 36 0 0 0 
2 909 793 1497 1565 36 0 0 0 
2 917 809 1649 1721 36 0 0 0 
2 1029 909 1133 1213 36 0 0 0 
2 1057 941 1301 1373 36 0 0 0 
2 1073 957 1397 1473 36 0 0 0 
2 1093  969 1505 1569 36 0 0 0 
2 1109 989 1665 1717 36 0 0 0 
2 1225 1101 1133 1205 36 0 0 0 
2 1237 1113 1305 1373 36 0 0 0 
2 1253 1133 1405 1473 36 0 0 0 
2 1273 1145 1505 1569 36 0 0 0 
2 1285 1169 1653 1733 36 0 0 0 
2 1413 1285 1133 1209 36 0 0 0 
2 1421 1305 1301 1369 36 0 0 0 
2 1437 1309 1301 1377 36 0 0 0 
2 1441 1321 1409 1469 36 0 0 0 
2 1453 1329 1505 1577 36 0 0 0 
2 1473 1349 1657 1729 36 0 0 0 
2 1601 1489 1129 1205 36 0 0 0 
2 1625 1501 1301 1369 36 0 0 0 
2 1637 1509 1405 1473 36 0 0 0 
2 1637 1521 1513 1573 36 0 0 0 
2 1649 1537 1661 1729 36 0 0 0 
2 1809 1677 1125 1201 36 0 0 0 
2 1821 1693 1305 1377 36 0 0 0 
2 1837 1713 1505 1585 36 0 0 0 
2 1845 1725 1661 1745 36 0 0 0 
2 1869 1721 1877 1969 36 0 0 0 
2 2029 1909 1661 1733 36 0 0 0 
2 2033 1925 1881 1969 36 0 0 0 
2 1401 1329 229 277 36 0 0 0
2 1409 1333 277 321 36 0 0 0
2 1337 1337 325 369 36 0 0 0
2 1409 1349 385 425 36 0 0 0
2 1417 1357 425 473 36 0 0 0
2 1497 1429 229 273 36 0 0 0
2 1509 1433 269 361 36 0 0 0
2 1513 1441 321 361 36 0 0 0
2 1517 1445 381 421 36 0 0 0
2 1513 1449 425 469 36 0 0 0
2 1601 1533 221 265 36 0 0 0 
2 1605 1537 265 317 36 0 0 0
2 1605 1537 313 357 36 0 0 0
2 1609 1545 373 413 36 0 0 0
2 1613 1545 413 469 36 0 0 0
2 1705 1637 265 313 36 0 0 0
2 1713 1637 313 353 36 0 0 0
2 1717 1645 369 409 36 0 0 0
2 1721 1645 409 461 36 0 0 0
2 1817 1741 361 409 36 0 0 0
2 1821 1745 405 457 36 0 0 0
2 1917 1841 361 341 36 0 0 0
2 1917 1841 405 457 36 0 0 0
2 2009 1941 357 401 36 0 0 0
2 2025 1953 401 453 36 0 0 0
3 2633 2517 257 421 36 0 0 0
4 2729 2509 2041 2145 66.75 0 0 0
6 2653 2581 1149 1193 84 0 0 0
7 2745 1797 1573 1789 300 0 0 0
7 2713 1625 1081 1549 300 0 0 0
8 2401 2265 1513 1565 20.25 0 0 0
8 2445 2345 709 757 20.25 0 0 0
8 2445 2353 673 709 20.25 0 0 0
8 2213 2109 193 249 20.25 0 0 0