1 1578 470 325 2290 240 0 0 0
3 1601 1384 1261 1993 57 0 0 0
6 1580 1486 2849 2905 30.5 0 0 0
7 1598 115 530 700 300 0 0 0
2 912 734 626 732 36 0 0 0
2 926 740 758 868 36 0 0 0
2 939 766 977 1078 36 0 0 0
2 945 768 1101 1204 36 0 0 0
2 967 784 1304 1398 36 0 0 0
2 968 799 1421 1512 36 0 0 0
2 974 820 1611 1694 36 0 0 0
2 990 838 1714 1800 36 0 0 0
2 960 940 15 61 36 0 0 0
2 964 941 66 112 36 0 0 0
2 974 956 124 154 36 0 0 0
2 991 970 12 57 36 0 0 0
2 992 972 64 110 36 0 0 0
2 1003 981 122 154 36 0 0 0
2 1019 999 18 55 36 0 0 0
2 1021 1001 65 109 36 0 0 0
2 1026 1011 121 157 36 0 0 0
2 1045 1028 10 55 36 0 0 0
2 1051 1030 64 107 36 0 0 0
2 1058 1039 121 150 36 0 0 0
2 1075 1054 8 54 36 0 0 0
2 1079 1057 62 107 36 0 0 0
2 1085 1066 120 151 36 0 0 0
2 1102 1084 10 53 36 0 0 0
2 1109 1087 60 105 36 0 0 0
2 1112 1095 119 150 36 0 0 0
2 1132 1112 7 52 36 0 0 0
2 1134 1115 59 103 36 0 0 0
2 1141 1121 118 149 36 0 0 0
2 1160 1142 7 50 36 0 0 0
2 1164 1143 57 103 36 0 0 0
2 1167 1152 116 148 36 0 0 0
2 1190 1170 8 48 36 0 0 0
2 1193 1170 56 100 36 0 0 0
2 1197 1178 115 146 36 0 0 0
2 1219 1198 6 51 36 0 0 0
2 1120 1200 56 97 36 0 0 0
2 1224 1206 113 147 36 0 0 0
2 991 837 1713 1799 36 0 0 0
9 1481 1187 1301 1491 80 0 0 0